KA =

   1.0e+13 *

   Columns 1 through 3

    0.000000000000100   0.000000000001928   0.000000000052406

   Columns 4 through 6

    0.000000001551374   0.000000047660725   0.000001495105864

   Columns 7 through 9

    0.000047536735690   0.001525757558921   0.049315373368211

   Column 10

    1.602517099202631